code	r	pubDate	total_assets	total_liability	market_cap	roe	pcf_ratio	pe_ratio_lyr	pb_ratio	net_profit_to_total_revenue	eps
000400.XSHE	0.04422764227642276	2017-10-26	14463503316.78	6703586404.01	163.7524	1.9592	48.8293	18.8454	2.3336	7.5032	0.1397
000585.XSHE	0.02276422764227642	2017-10-31	340035683.37	159302820.11	45.9393	-4.4326	-133.3238	-46.173	25.1718	-170.2154	-0.0091
000591.XSHE	0.008211382113821143	2017-10-25	32634665051.14	20570745745.9	183.433	2.5011	-14.6021	28.0801	1.5789	20.3185	0.0978
000682.XSHE	0.00463414634146341	2017-10-30	4605385225.29	1532633206.18	52.1361	0.5079	6.4462	87.2924	3.0578	5.8448	0.0089
000806.XSHE	0.03300813008130081	2017-10-28	3172829478.16	1021319499.48	118.3505	1.1485	-116.3961	919.3386	5.766	9.1242	0.0216
000922.XSHE	0.002195121951219516	2017-10-28	2864344222.23	1377955951.41	44.3089	3.2338	-489.1414	-10.147	3.0789999999999997	12.3843	0.087
002028.XSHE	0.0063414634146341554	2017-10-21	6609568149.55	2150995365.7	128.4754	0.9173	29.0489	36.5584	3.0052	4.7713	0.05
002058.XSHE	0.039349593495934955	2017-10-28	213151768.4	30572118.54	27.8864	1.337	1768.309	531.8399	15.4791	8.1556	0.0169
002074.XSHE	0.062357723577235756	2017-10-27	12804743263.11	8289410172.0	278.1992	4.4257	26.9701	26.985	6.4763	14.3638	0.22
002090.XSHE	0.04227642276422767	2017-10-27	4043524760.01	2793147078.81	60.5684	2.7155	33.1913	55.4719	5.0038	7.6666	0.1338
002112.XSHE	0.07097560975609755	2017-10-27	1189251181.42	738421228.63	37.5178	-5.2082	-81.44800000000001	713.8081	7.8995	-15.1784	-0.12
002121.XSHE	0.011951219512195113	2017-10-26	14886882348.96	10041688671.62	143.1907	2.9404	10.488	52.6833	3.1604	10.876	0.0991
002129.XSHE	-0.025447154471544706	2017-10-23	28071005018.35	16264031717.93	217.8851	1.5958	10.4916	54.1994	2.0427	6.8399	0.0678
002168.XSHE	0.026260162601626006	2017-10-30	2076367370.02	695115793.85	139.4182	-2.0074	-20.5775	183.6565	10.3275	-34.9446	-0.03
002169.XSHE	0.016097560975609753	2017-10-30	4116463561.36	1172330340.59	52.9396	0.5791	-18557.8223	47.5328	1.9502	4.3528	0.0201
002176.XSHE	0.03186991869918699	2017-10-21	8373573665.55	4282697834.96	213.4722	3.8645	-5557.9966	108.1984	5.6639	16.2353	0.1
002184.XSHE	-0.017642276422764242	2017-10-28	2262982407.36	1019216129.54	35.2085	0.4609	-2776.699	262.2228	3.2247	1.2196	0.0208
002196.XSHE	0.02821138211382113	2017-10-30	3092220981.74	648335014.9	56.8584	1.2203	-639.3213	48.0669	2.3668	8.7942	0.0661
002202.XSHE	-0.016666666666666673	2017-10-27	67825364750.81	45406223645.02	464.4402	5.5052	-29.9026	15.466	2.5045	16.2982	0.322
002212.XSHE	0.027154471544715446	2017-10-30	9138333056.5	1506070943.02	208.9656	0.597	185.9285	297.3506	2.7636	3.5742	0.04
002218.XSHE	0.006422764227642273	2017-10-23	5446059826.55	2656345197.54	62.0644	1.2033	-43.2022	48.2195	2.2506	9.0195	0.027000000000000003
002227.XSHE	0.03585365853658537	2017-10-26	1015203393.99	220731457.95	50.7374	0.0784	-2222.636	556.6044	6.4	0.7049	0.0028
002249.XSHE	0.018048780487804877	2017-10-30	16216450146.58	6745708470.26	202.6367	0.7708	-182.6336	39.7834	2.3258	3.3788	0.03
002255.XSHE	0.009512195121951226	2017-10-20	3851312437.31	1337512083.1	46.8579	1.1088	1031.2179	62.1849	1.986	8.8806	0.0424
002266.XSHE	0.005691056910569107	2017-10-27	7160025468.2	3401346637.28	93.7913	0.8622	53.5672	145.8097	3.1727	10.8358	0.013000000000000001
002270.XSHE	0.006991869918699182	2017-10-25	2846341827.55	822914797.55	57.6516	2.4326	-17.5323	24.3205	2.9264	23.4508	0.0958
002276.XSHE	0.027886178861788617	2017-10-23	6640267657.93	2703546128.18	119.0812	0.6327	14.404000000000002	55.3305	3.0655	1.2004	0.0242
002298.XSHE	0.016829268292682928	2017-10-26	5821960941.51	1422091858.89	77.9988	0.8340000000000001	11.7012	50.0641	1.8521	8.0937	0.0503
002300.XSHE	0.022520325203252037	2017-10-27	3442710221.82	2071062506.69	57.5805	2.7142	54.3786	37.0696	4.5488	3.5088	0.07
002309.XSHE	-0.00284552845528455	2017-10-26	27756395994.16	21868261442.17	92.3456	0.23800000000000002	-306.3332	124.3686	1.6276	-0.0603	0.02
002322.XSHE	0.06642276422764229	2017-10-24	3317725877.05	294804939.31	90.1755	2.1364	-50.6891	59.3542	3.0494	37.6232	0.16
002334.XSHE	0.010813008130081294	2017-10-27	2936608064.81	1014241974.92	68.5527	5.1054	45.5961	100.7131	4.1139	15.8259	0.1145
002335.XSHE	0.08284552845528453	2017-10-31	6085115778.19	2399602114.21	107.197	2.2134	-80.1102	62.4811	3.1667	12.9452	0.27
002339.XSHE	0.02170731707317073	2017-10-26	3445701737.29	1566249442.24	48.0309	2.5452	628.5367	60.8106	2.8849	11.033	0.11
002350.XSHE	0.02178861788617886	2017-10-28	2808861271.12	1577024637.51	59.6375	0.0593	168.51	77.9961	5.1791	0.5673	0.0019
002358.XSHE	-0.019999999999999993	2017-10-27	8653285590.22	3783714858.58	146.9946	4.5493	18.6194	44.4687	3.1666	17.4922	0.23
002359.XSHE	-0.033902439024390225	2017-10-17	10620834943.09	4598393242.55	255.3813	2.051	12.6968	-527.4833	4.3322	16.4078	0.1911
002364.XSHE	0.030162601626016267	2017-10-26	2649535383.59	220319546.1	86.3945	0.8596	52.0433	54.5827	3.6983	9.8088	0.04
002441.XSHE	0.03756097560975609	2017-10-30	5367381882.34	1597718284.25	65.9471	1.7016	-20.0909	45.9935	1.8804	2.6844	0.11
002451.XSHE	0.04585365853658537	2017-10-21	1701243609.83	1065477074.69	125.7869	3.0323	304.1183	1445.4316	23.3899	16.395	0.043
002452.XSHE	0.01821138211382114	2017-10-26	3008648252.63	1618731611.06	38.1458	1.5679	24.3359	31.6415	2.8436	7.9841	0.04
002471.XSHE	0.011463414634146343	2017-10-28	9190981810.59	6323381365.61	71.3884	1.7690000000000001	-34.8936	63.77	3.8695	2.0216	0.026000000000000002
002498.XSHE	0.005447154471544715	2017-10-21	6464761881.43	1916130371.54	123.4241	1.4946	-12.0493	29.6141	2.7568	5.5867	0.02
002506.XSHE	-0.0026829268292682933	2017-10-28	20484130699.93	16255419710.11	218.5091	0.5823	25.7302	-811.9506	5.2321	0.9498	0.005
002518.XSHE	0.018048780487804884	2017-10-23	3367531366.41	1245493765.19	103.5601	4.7138	29.901999999999997	35.0032	4.9199	15.5199	0.17
002527.XSHE	0.025284552845528465	2017-10-25	5603587193.25	2771554518.77	69.3972	2.1763	60.2034	40.5491	2.5186	6.4036	0.0978
002531.XSHE	0.005528455284552851	2017-10-30	9645137964.14	4795718081.53	109.9434	2.4847	-244.3037	27.0479	2.3783	11.3311	0.07
002533.XSHE	0.016260162601626018	2017-10-27	3165030397.4	678351533.09	44.7475	1.9632	18.4987	26.4824	2.0238	4.0772	0.081
002534.XSHE	0.026991869918699188	2017-10-24	7800607265.57	4631338217.9	87.1791	5.1107	384.789	45.5172	3.1458	16.4998	0.2
002546.XSHE	0.011463414634146343	2017-10-26	3267507032.82	335725784.68	51.294	0.9473	-16.1624	56.8845	1.8481	20.1245	0.032
002560.XSHE	0.005528455284552851	2017-10-26	2517772417.21	888428372.94	34.8463	0.1093	-16.3641	41.6387	2.3267	0.4718	0.0039
002576.XSHE	0.09991869918699187	2017-10-27	985958804.71	135285666.28	40.7137	-2.0134	41.074	840.3833	4.6949	-6.9212	-0.1047
002580.XSHE	0.00910569105691057	2017-10-24	2012756713.92	801419663.63	32.1088	0.7608	-1440.3353	59.6119	2.7057	1.8564	0.02
002606.XSHE	0.1121951219512195	2017-10-25	1500506871.93	613513975.94	85.0444	2.3736	-1497.1514	90.3118	9.8778	11.2209	0.05
002610.XSHE	0.002926829268292682	2017-10-26	18152023204.62	12242537417.58	114.9661	1.8304	-10.17	77.97800000000001	2.032	7.6252	0.02
002617.XSHE	0.008455284552845522	2017-10-25	5832022368.84	3333380097.64	112.3547	3.0038	-29.1696	173.4846	4.6654	9.1395	0.0999
002622.XSHE	0.015691056910569105	2017-10-28	1663233152.6	446975852.56	127.008	0.5548	63.9191	810.4304	10.6354	14.6104	0.01
002630.XSHE	-0.015853658536585366	2017-10-26	14324843476.35	11065088811.71	79.8516	0.8586	28.0023	38.9385	2.5366	3.5173	0.0368
002665.XSHE	0.007967479674796744	2017-10-25	9442600912.29	1832651428.33	209.9522	0.3565	-73.9162	135.4217	2.8401	5.8641	0.0094
002692.XSHE	0.006747967479674797	2017-10-27	3001464567.28	1493592739.01	70.8092	0.9039	-139.2929	77.7808	4.8608	1.1946	0.0184
002706.XSHE	0.006504065040650405	2017-10-21	2071092440.53	393649630.85	64.8007	4.4354	-53.9839	39.9521	4.0452	18.2448	0.14
002733.XSHE	0.053577235772357734	2017-10-20	4070474658.93	1840676666.11	71.003	0.5491	9.7705	59.1446	3.2113	1.8005	0.0347
002767.XSHE	0.04634146341463417	2017-10-24	795668787.13	112665748.9	36.6	1.8477	-157.056	80.7693	5.5581	14.9647	0.0834
002801.XSHE	0.09398373983739837	2017-10-27	943377188.87	132535475.06	53.776	3.0518	-29.0307	53.8093	6.8499	17.885	0.21
002823.XSHE	0.05325203252032521	2017-10-24	1804292755.52	663572456.65	50.14	3.5563	25.4076	38.958	4.5709	11.2077	0.14
002851.XSHE	0.011463414634146343	2017-10-30	2192660483.7	831494617.95	74.308	3.0393	68.4586	67.7517	5.7615	12.1237	0.2096
002879.XSHE	0.0823577235772358	2017-10-20	1657231035.93	289113014.57	53.946000000000005	1.8357	7.5246	46.8219	4.0161	15.8934	0.18
002882.XSHE	0.02398373983739837	2017-10-26	1597611831.6	263566373.23	65.7475	4.9856	14.6877	55.7244	5.1837	9.4618	0.1788
002892.XSHE	0.08747967479674795	2017-10-25	670420018.79	115719751.37	38.3724	4.1623	-244.0572	56.8369	7.1383	11.2963	0.21
300001.XSHE	0.028373983739837384	2017-10-28	11159233154.05	8102416059.72	170.385	1.3221	65.9288	67.7401	6.0975	1.3643	0.04
300011.XSHE	0.031463414634146335	2017-10-30	4346652280.82	1656620098.83	73.0715	0.5109	215.7503	65.6974	2.846	6.0806	0.0226
300018.XSHE	0.008943089430894313	2017-10-21	1671231907.86	161515154.2	39.1642	1.6219999999999999	50.4544	36.6774	2.7486	26.287	0.05
300029.XSHE	0.007886178861788615	2017-10-30	582797680.72	398028870.12	17.98	5.4565	151.1037	-31.5382	10.8448	11.8747	0.0465
300040.XSHE	0.02983739837398374	2017-10-28	2918566024.09	1055049516.31	40.8501	1.2054	113.8681	31.2993	2.2612	8.4587	0.07
300048.XSHE	0.015853658536585363	2017-10-30	4824459987.59	2166766869.17	59.5189	0.2519	-66.4141	33.2599	2.4217	3.0494	0.0056
300062.XSHE	0.03317073170731707	2017-10-28	2079033477.62	1122803499.94	32.032	0.2144	8.0193	40.8385	3.6969	1.8841	0.01
300068.XSHE	0.017317073170731712	2017-10-30	10640567579.19	4503115731.36	159.9388	3.5316	-7.6629	48.5629	2.1642	7.0542	0.26
300069.XSHE	0.07918699186991872	2017-10-30	924005382.86	387170235.68	46.2969	1.8352	-6805.4341	193.825	8.9396	14.0232	0.08
300105.XSHE	0.015934959349593495	2017-10-27	2375036300.91	451702938.04	36.1817	0.047	-5.8172	-21.997	1.8857	0.4722	0.0
300111.XSHE	0.007642276422764227	2017-10-30	2904298327.87	1601938186.97	46.2477	0.2822	38.7807	150.9205	3.5469999999999997	1.5128	0.003
300118.XSHE	0.016504065040650415	2017-10-26	16227615771.67	8792615703.8	124.3848	2.2014	4.7205	18.057000000000002	1.7934	9.7263	0.195
300120.XSHE	0.015691056910569105	2017-10-27	841798718.58	142328871.18	27.3683	0.2363	-78.7004	174.5514	4.4388	0.2156	0.0071
300124.XSHE	-0.019512195121951237	2017-10-25	8741155412.67	3356296351.11	481.2173	5.9803	4180.146	51.6418	10.1111	25.2412	0.18
300129.XSHE	0.020406504065040656	2017-10-26	3233144909.08	974255358.0	55.8403	2.0207	43.4658	25.4856	2.5246	8.4449	0.06
300140.XSHE	0.04747967479674798	2017-10-26	3674669264.75	2219274165.62	59.7463	0.5346	-170.4047	66.2575	4.7025	0.3274	0.0197
300141.XSHE	0.04219512195121951	2017-10-30	1038258596.26	326156738.48	42.7171	1.5351	-957.7872	143.6879	5.9505	7.1698	0.04
300153.XSHE	0.042520325203252024	2017-10-28	1499533209.6	532089806.7	50.303999999999995	0.4554	-52.4261	103.8137	5.2575	1.4193	0.01
300208.XSHE	0.03634146341463414	2017-10-28	3598111381.53	1687021790.61	122.64399999999999	3.3219	722.7933	48.5168	6.6328	19.6204	0.0811
300215.XSHE	0.028536585365853663	2017-10-24	3744303452.7	1785741067.87	88.1929	1.9848	34.3252	124.7941	4.6248	22.6332	0.05
300222.XSHE	0.019674796747967464	2017-10-27	5570102051.12	1568926271.13	187.5639	2.5377	189.3251	67.7774	4.9442	13.8912	0.14
300265.XSHE	0.03365853658536585	2017-10-27	2065085619.18	1050457346.03	41.1075	2.9021	69.843	32.7364	4.2769	8.6034	0.08
300274.XSHE	-0.013252032520325224	2017-10-28	15278581374.27	8441808072.83	243.8278	5.7584	-11.216	44.043	3.7883	12.2551	0.27
300283.XSHE	0.017073170731707315	2017-10-26	1416161181.47	844536782.8	29.0053	-0.8112	-105.7625	119.555	5.1084	-2.0455	-0.01
300286.XSHE	0.020487804878048778	2017-10-26	847492700.07	196291304.28	29.9605	4.6734	-49.9574	37.3901	4.8101	27.4195	0.2
300308.XSHE	-0.16398373983739833	2017-10-30	7496892762.3	3270951024.66	230.2471	5.1146	-531.7352	2290.075	5.6129999999999995	11.4451	0.33
300316.XSHE	-0.042276422764227634	2017-10-27	5654550004.02	2076855708.21	150.7922	3.2935	37.9608	74.009	4.5293	23.7877	0.11
300317.XSHE	0.041626016260162595	2017-10-24	9303463743.6	4415412006.77	163.8907	0.9619	-125.8614	52.1867	3.4205	7.8439	0.0541
300356.XSHE	0.0165040650406504	2017-10-21	2086799473.35	662870825.08	39.95	-1.1304	-21.2671	62.6306	2.8359	-20.7307	-0.0389
300360.XSHE	0.03422764227642277	2017-10-14	1818396645.69	442486864.47	49.4319	2.943	217.6879	19.3479	3.7167	18.2105	0.11
300370.XSHE	0.004715447154471549	2017-10-27	3682552510.12	2266831349.73	41.9903	2.4639	9.8642	48.6468	3.3547	10.7503	0.0326
300376.XSHE	0.012601626016260168	2017-10-25	11661667777.79	7461466263.98	202.3903	5.1136	138.5775	42.9116	4.9502	10.1977	0.09
300393.XSHE	0.05430894308943089	2017-10-30	4651091970.85	3422476870.28	84.0227	4.6965	44.7635	50.8722	7.4204	5.2413	0.3
300407.XSHE	0.03308943089430894	2017-10-24	1994503875.01	1009808739.86	42.5097	8.6434	124.8204	34.9111	4.8131	19.4001	0.29
300414.XSHE	0.016747967479674785	2017-10-27	928183433.79	130130401.63	42.3521	1.4033	-33.1275	73.307	5.3872	11.4928	0.0653
300423.XSHE	-0.021219512195121946	2017-10-26	672730495.6	200386962.7	32.4122	1.3617	-292.7515	130.8811	6.14	9.3532	0.0595
300427.XSHE	0.02073170731707316	2017-10-25	3246830958.07	1322993334.75	58.3884	0.8668	25.7269	79.1	3.2782	8.9287	0.0369
300443.XSHE	0.06048780487804878	2017-10-28	1722842397.32	125065844.58	52.801	1.8771	21.4797	25.1573	3.3673	19.4107	0.12
300444.XSHE	0.030975609756097564	2017-10-21	2392666432.79	1164992531.09	73.2441	1.2876	-52.4946	75.5391	6.2275	3.4694	0.04
300447.XSHE	0.05365853658536587	2017-10-30	1780111738.21	542150330.21	71.0543	4.996	220.5958	78.1633	6.1267	31.3263	0.2031
300466.XSHE	0.048373983739837395	2017-10-28	1759140539.98	360426581.3	85.1051	1.1027	-221.4547	150.747	7.622999999999999	13.5475	0.0251
300477.XSHE	0.00495934959349593	2017-10-26	3539118431.25	1674776512.2	91.2378	2.7645	-56.9445	103.9229	6.6259	6.5302	0.13
300484.XSHE	0.09487804878048782	2017-10-24	1033673692.83	348341292.69	68.12	5.4121	106.5653	43.8706	10.4926	24.2992	0.1736
300490.XSHE	0.028536585365853656	2017-10-30	952754813.46	282970359.04	35.9217	1.2018	-107.9625	74.5048	5.6819	6.9771	0.037000000000000005
300491.XSHE	0.06203252032520325	2017-10-27	563266105.6	162095737.42	44.3396	0.4769	204.6897	108.0453	11.1716	3.4912	0.0132
300510.XSHE	0.0040650406504065045	2017-10-30	2743575002.06	464493415.2	73.0216	1.9833	-52.9212	129.5473	3.2832	20.8388	0.19
300514.XSHE	-0.01951219512195121	2017-10-28	689442286.43	227871099.11	32.6	4.7899	17.2878	74.5688	7.4094	15.0339	0.2159
300569.XSHE	0.0624390243902439	2017-10-27	2225704635.97	542424312.59	49.0689	1.1831	12.5564	28.6375	3.0035	14.9695	0.13
300593.XSHE	0.03520325203252034	2017-10-27	734740294.92	183943933.82	34.0727	2.7379	24.0337	77.2683	6.3578	15.1375	0.13
300600.XSHE	0.04252032520325204	2017-10-26	1029694283.62	165063941.45	54.5	3.1901	34.4429	53.5851	6.5076	30.4042	0.27
300617.XSHE	0.12406504065040652	2017-10-26	945474271.0	157560934.02	39.6686	1.8083	103.5126	54.6524	5.1374	27.3929	0.2113
300626.XSHE	0.026829268292682933	2017-10-26	888859993.85	418685582.5	29.98	3.4947	32.2471	75.8855	6.6032	7.5360000000000005	0.16
300660.XSHE	0.05479674796747969	2017-10-27	2803162100.64	844396862.3	74.4859	2.9831	7.6465	32.2629	3.9192	10.2163	0.57
300667.XSHE	-0.11479674796747966	2017-10-27	377144556.56	51504436.67	33.422	0.9268	19.5677	103.6007	10.3702	12.6929	0.04
300670.XSHE	-0.023983739837398384	2017-10-26	693984247.54	142047871.15	30.024	2.3065	11.2102	55.1968	5.5667	18.0338	0.1165
300681.XSHE	0.1357723577235772	2017-10-25	823867790.12	212068480.17	57.4258	3.2389	3403.8315	87.8403	9.62	12.6178	0.2144
300693.XSHE	0.0743089430894309	2017-10-26	785341514.0	207385054.6	53.6909	1.9868	71.9147	84.0739	9.4438	8.5585	0.11
600089.XSHG	0.014634146341463414	2017-10-28	84956265255.13	51340635637.95	366.6587	1.7213	7.3469	16.7397	1.3676	5.7928	0.1327
600112.XSHG	0.027479674796747965	2017-10-26	2779196934.17	1596472886.44	36.9683	-1.1212	254.4746	-37.3569	3.0936	-12.0506	-0.0262
600151.XSHG	0.013333333333333338	2017-10-30	13848133590.14	7898563932.79	109.4334	-0.7815	9.3935	54.1519	1.8949	-2.5643	-0.0317
600192.XSHG	0.022357723577235766	2017-10-27	4810051175.63	2683935373.42	37.902	0.0235	-359.8589	169.8496	1.9379	0.9298	0.001
600202.XSHG	0.036341463414634144	2017-10-31	1638223081.98	995737249.98	41.6308	-1.1004	-28.6531	-22.9777	6.4021	-5.9051	-0.0186
600268.XSHG	0.009268292682926827	2017-10-27	10149911468.94	7708816047.36	40.7193	1.01	-10.8956	129.2183	2.2831	4.4238	0.03
600290.XSHG	0.010975609756097559	2017-10-31	6840450108.42	2641869552.23	98.1795	0.5985	-8.0698	-202.7597	2.3838	4.939	0.0325
600312.XSHG	0.020894308943089433	2017-10-28	19522284777.43	10531555445.57	160.2524	1.3037	96.2299	13.1366	1.8714	5.8389	0.0828
600353.XSHG	0.01268292682926829	2017-10-28	1667664811.94	433551397.22	45.2375	0.8865	73.958	103.8146	4.2203	5.572	0.02
600379.XSHG	0.02617886178861789	2017-10-28	761081476.26	266054034.23	28.5153	2.2951	-26.5206	78.8924	6.0224	5.2646	0.0477
600401.XSHG	0.004552845528455284	2017-10-31	15724720703.32	12859114478.92	69.929	-12.4662	56.0092	-5.9295	2.1459	-55.772	-0.0808
600405.XSHG	0.016910569105691064	2017-10-30	2972225330.65	1648675027.1	50.5215	0.3584	14.3574	185.9931	3.8477	2.0164	0.008
600406.XSHG	-0.001544715447154482	2017-10-28	17540308830.1	8476349345.73	401.2631	5.8565	41.1728	27.7273	4.7367	17.0536	0.21
600416.XSHG	0.01886178861788618	2017-10-31	22043127084.95	15199923390.86	116.71600000000001	0.5433	-37.7659	84.1023	1.8209	1.7161	0.05
600468.XSHG	0.0012195121951219469	2017-10-30	2666227282.38	757373720.13	52.7224	0.6512	23.6107	98.9996	2.9825	3.6946	0.0185
600475.XSHG	0.05373983739837399	2017-10-28	10244202717.71	5370082019.87	100.6347	1.3128	-17.4037	93.2745	2.2511	6.0018	0.11
600482.XSHG	0.005284552845528444	2017-10-24	43354527836.77	15701535911.07	435.4934	0.9674	-33.8877	40.5771	1.7163	5.1516	0.14
600517.XSHG	0.014227642276422764	2017-10-26	9260994508.91	5653329356.86	95.7454	0.3802	-56.32899999999999	20.2516	2.8391	1.0547	0.01
600525.XSHG	0.004634146341463417	2017-10-30	20853619104.21	12415652388.17	262.145	4.7732	-82.4143	40.9565	3.5483	17.2983	0.2802
600537.XSHG	0.007073170731707318	2017-10-30	6462394728.63	2854517769.52	60.5825	0.8413	13.2272	16.8657	1.7831	3.1081	0.02
600550.XSHG	0.017967479674796748	2017-10-26	9988734057.99	9302621160.84	136.1196	-2.4107	303.4127	124.7338	27.8132	-1.0311	-0.01
600580.XSHG	-0.0032520325203252063	2017-10-30	17424023564.48	11213151347.48	105.5609	10.1056	42.5443	41.6565	2.0266	21.3553	0.4302
600590.XSHG	0.013252032520325195	2017-10-30	8681797905.72	4782053677.81	94.7751	1.3997	42.1104	76.5369	2.5466	5.6339999999999995	0.08
600847.XSHG	0.04317073170731708	2017-10-31	895032551.6	222951657.47	23.3763	0.6069	-27.024	-54.7452	3.5021	2.6205	0.0265
600869.XSHG	0.012845528455284553	2017-10-27	18539008155.55	12427769490.43	160.4592	0.6807	-18.6095	55.9632	2.8899	1.2068	0.0174
600875.XSHG	0.010081300813008133	2017-10-28	79443910783.57	56881573663.53	243.7387	0.2504	6.6897	-13.6601	1.1316	0.8317	0.02
600885.XSHG	0.045691056910569114	2017-10-31	7690392263.81	2484669555.88	220.875	4.7589999999999995	707.6632	37.9661	5.9897	16.8002	0.34
600973.XSHG	0.009674796747967476	2017-10-31	14049513169.82	9955684388.14	70.1493	0.8812	-18.6911	26.4047	1.9515	0.6796	0.027999999999999997
601012.XSHG	-0.027560975609756073	2017-10-31	29485502902.4	17269346896.64	588.189	8.6197	18.8779	38.0155	5.275	21.9034	0.5
601126.XSHG	0.014878048780487799	2017-10-27	5718337226.7	1864408851.92	72.5349	2.8966	39.7906	24.5104	1.9379	12.6325	0.1353
601179.XSHG	0.01154471544715447	2017-10-31	34234921128.43	14042678572.42	279.8732	0.2937	46.7337	24.8139	1.4682	2.0085	0.01
601218.XSHG	0.008861788617886177	2017-10-30	4166112614.88	1555554126.39	42.7449	-0.4741	-54.3054	36.4074	1.6573	-3.5916	-0.01
601222.XSHG	0.014227642276422764	2017-10-28	13877124393.7	5128980695.99	156.4749	2.5022	34.6306	32.982	1.8648	22.5598	0.12
601558.XSHG	0.004227642276422764	2017-10-28	7206835304.57	5652890288.64	106.7416	-4.2082	-100.0457	-3.444	6.5858	-354.6642	-0.01
601567.XSHG	0.016016260162601617	2017-10-24	11943343590.62	5030063686.57	157.5882	2.69	-12.2345	19.8412	2.3681	13.0219	0.13
601616.XSHG	0.008617886178861793	2017-10-28	2796966063.42	380763859.46	42.0073	0.1978	60.7021	-37.3843	1.7930000000000001	2.6369	0.005
601700.XSHG	0.023333333333333334	2017-10-24	4582162092.2	1563840546.15	84.5391	1.4023	119.8444	40.6132	2.8211	7.8683	0.04
601727.XSHG	0.01902439024390244	2017-10-31	196863369000.0	129636957000.0	1077.1792	0.6359	-52.827	52.2859	2.3157	5.5085	0.0234
601877.XSHG	-0.03674796747967479	2017-10-28	42100730120.68	22252089172.86	460.1279	3.7908	10.9917	21.0608	2.4896	12.3836	0.33
601908.XSHG	0.0029268292682926855	2017-10-31	13267423143.76	6705445409.98	113.9315	2.8338	113.9845	44.1582	1.8155	33.1092	0.09
603015.XSHG	0.016829268292682914	2017-10-28	1547324365.12	362326849.62	43.1846	0.9658	66.0169	81.2107	3.6758	4.791	0.03
603016.XSHG	0.12365853658536587	2017-10-26	916759562.06	98161796.28	55.2637	0.6107	-20.6321	83.8033	6.9575	6.0141	0.03
603025.XSHG	0.002926829268292693	2017-10-26	1930135532.29	204374180.6	137.035	7.4649	-884.4323	57.3953	9.155	41.8368	0.27
603050.XSHG	0.09032520325203254	2017-10-28	1681666373.31	746774820.66	46.8823	0.9722	289.4152	70.4584	5.0646	4.9386	0.07
603063.XSHG	0.04276422764227642	2017-10-28	2743348137.82	412199492.44	91.14	2.8827	40.6892	34.7712	4.0049	27.6115	0.1321
603100.XSHG	0.010325203252032516	2017-10-31	4728756144.33	2767659455.45	45.74100000000001	2.0688	-37.5208	35.4569	2.3948	4.5912	0.1
603218.XSHG	0.1078048780487805	2017-10-27	3617613915.77	895124427.05	122.706	2.2031	177.4184	36.1984	4.7139999999999995	11.5312	0.15
603320.XSHG	0.12097560975609756	2017-10-27	713664026.59	130890977.85	46.36	1.8881	51.3514	101.0259	8.1067	6.5501	0.11
603333.XSHG	0.008943089430894313	2017-10-30	1803889015.55	377860776.34	37.1284	0.8543	-32.8332	-47.8503	2.6264	5.1703	0.023
603416.XSHG	0.04422764227642274	2017-10-26	1042972198.89	137476137.64	51.0514	3.8322	-77.5447	50.9544	5.8594	29.1313	0.24
603488.XSHG	-0.006829268292682926	2017-10-27	858880032.72	79257000.84	32.5312	2.9446	-126.5235	44.8392	4.2992	28.5634	0.11
603577.XSHG	0.0713008130081301	2017-10-27	1625949570.25	770135919.23	32.6587	1.7437	20.8955	51.5106	3.9742	7.5255	0.0232
603606.XSHG	0.008211382113821143	2017-10-28	2397206796.96	1520670486.24	36.7567	1.0023	-1450.1647	70.8858	4.2356	1.4829	0.03
603618.XSHG	0.013495934959349587	2017-10-27	4939888730.37	2878273696.28	64.9787	1.6037	39.7447	47.788000000000004	2.8898	3.4983	0.0493
603628.XSHG	0.07252032520325205	2017-10-31	1953696701.75	986236787.88	49.2566	2.5997	70.1075	85.2953	5.4235	10.1093	0.09
603728.XSHG	0.03406504065040651	2017-10-30	2077787113.64	433989613.68	81.984	2.5842	9.8233	52.2818	5.1135	10.1523	0.1311
603806.XSHG	0.015447154471544733	2017-10-24	5469697310.82	656393999.24	140.9412	2.5302	-19.4768	16.6256	3.0045	10.5076	0.299
603819.XSHG	0.06772357723577235	2017-10-28	871719101.54	133362071.94	30.9	0.56	101.4865	67.6934	4.2082	2.1194	0.03
603859.XSHG	0.049512195121951215	2017-10-30	765938281.44	115506643.22	35.5783	0.4879	70.9338	83.9414	5.6325	10.8214	0.0272
603861.XSHG	0.05845528455284552	2017-10-31	3304988610.55	1297898929.24	88.0383	2.1654	-88.7588	54.5096	4.727	10.2032	0.0978
603988.XSHG	0.07487804878048782	2017-10-31	847658978.31	189507146.03	58.12	0.9679	185.1079	243.2734	8.9167	8.7318	0.0792
